
5
4
4
7
4
2
6
4
11
11
2
1
9
4
5
11
11
11
44
112
51
13
8
4
5
7
7
10
5
0
4
2
5
4
7
8
5
5
6
18
35
91
63
17
8
5
8
4
5
2
3
0
0
7
4
5
15
1
8
12
7
16
28
121
91
32
8
10
5
5
11
7
10
6
9
10
5
11
6
9
2
9
7
9
22
51
48
23
14
7
6
2
2
16
9
0
0
0
6
18
5
5
6
4
6
12
11
34
45
30
16
12
11
7
2
11
2
8
7
5
6
8
5
10
7
7
14
33
92
114
53
14
5
9
8
12
7
8
5
5
11
1
1
1
9
5
9
7
11
20
65
96
40
22
18
17
4
6
10
2
4
3
2
4
5
1
7
4
2
9
9
14
28
33
25
14
15
10
5
6
0
2
5
4
5
7
3
5
8
6
6
12
13
26
84
121
62
18
13
13
9
5
10
8
1
2
3
4
9
6
4
2
7
12
13
17
20
21
15
13
15
11
8
3
4
8
0
0
1
1
1
9
8
6
11
14
28
102
120
66
28
14
10
6
7
6
4
6
9
1
8
8
3
15
11
12
10
13
27
46
53
35
19
14
10
10
4
5
7
8
1
2
7
9
11
12
9
13
12
22
56
118
107
62
24
12
10
9
7
5
2
3
8
1
5
9
4
8
9
7
11
16
17
22
21
17
15
14
10
5
3
0
1
0
5
5
5
1
7
5
8
12
16
15
47
93
88
62
28
20
12
14
8
6
6
3
6
7
3
4
7
9
14
15
17
32
67
96
79
50
31
14
12
11
9
11
3
5
7
7
6
5
9
8
14
15
17
23
37
41
42
33
16
16
14
13
8
11
5
4
1
3
6
3
9
10
10
11
14
31
50
60
53
36
22
13
16
9
7
5
5
10
10
4
10
8
8
14
13
15
16
24
35
35
38
19
14
11
12
9
